[RefMasses]
mass1 = 85Rb
charge1 = 1
mass2 = 87Rb
charge2 = 1

[RefTofs]
tof1 = 31.928026
tof2 = 32.329440
tof3 = 30764.13806
tof4 = 31123.47544
revsn = 1000

