[RefMasses]
mass1 = 85Rb
charge1 = 1
mass2 = 133Cs
charge2 = 1

[RefTofs]
tof1 = 34.812742
tof2 = 43.261653
tof3 = 22190.60674
tof4 = 27762.11093
revsn = 1000

